7.215053763440860024e+00 4.115053763440860024e+01
3.202222222222222570e+01 3.805714285714285694e+01
7.782080924855490878e+01 9.786127167630057855e+00
7.780368098159509316e+01 3.147546012269938487e+01
4.793251533742331105e+01 7.649079754601227421e+01
6.003645833333333570e+01 5.537500000000000000e+01
8.205319148936170848e+01 9.150000000000000000e+01
9.231999999999999318e+01 7.107999999999999829e+01
1.732000000000000028e+01 8.968571428571428328e+01
9.139240506329114666e+00 7.346202531645569422e+01
