1.292028985507246297e+01 8.415579710144928072e+01
9.082446808510638903e+01 8.423936170212765262e+01
7.220560747663552092e+01 7.948598130841121545e+00
4.294901960784313388e+01 7.300000000000000000e+01
6.300000000000000000e+01 5.585474860335195757e+01
6.384180790960451901e+01 8.865536723163842225e+01
8.495934959349593640e+00 5.113821138211382333e+01
6.939631336405530249e+01 2.811520737327188968e+01
3.511029411764705799e+01 4.241176470588235503e+01
9.176870748299319303e+01 1.490476190476190510e+01
1.177099236641221403e+01 1.898473282442748200e+01
9.051456310679611761e+01 4.204854368932038966e+01
