9.081025641025641448e+01 8.373333333333333428e+01
3.466539923954372426e+01 4.236121673003802357e+01
8.504032258064516014e+00 5.127419354838709609e+01
1.412714776632302360e+01 8.445704467353951372e+01
4.753973509933774722e+01 7.015231788079469766e+01
6.371308016877637215e+01 4.101265822784809956e+01
8.992857142857143060e+01 3.499404761904762040e+01
7.700000000000000000e+01 1.140920716112531963e+01
1.177099236641221403e+01 1.898473282442748200e+01
6.378212290502793280e+01 8.827374301675978074e+01
