4.613636363636363313e+01 3.545454545454545325e+01
4.386976744186046773e+01 7.037209302325581461e+01
8.446341463414634632e+01 3.829268292682926500e+01
2.705202312138728260e+01 4.999421965317919359e+01
7.762886597938144284e+00 3.486597938144329589e+01
6.387573964497041601e+01 5.613609467455621171e+01
9.059036144578313099e+01 1.334939759036144658e+01
7.055339805825242649e+01 1.393527508090614830e+01
8.954976303317535269e+01 8.496682464454976014e+01
1.398734177215189867e+01 1.096202531645569600e+01
2.997802197802197810e+01 8.941758241758242320e+01
6.696428571428571175e+00 5.348809523809524080e+01
6.160843373493975861e+01 8.738554216867470359e+01
9.615384615384614975e+00 8.227601809954751388e+01
