6.478494623655913642e+01 5.693548387096774377e+01
1.266315789473684283e+01 1.376842105263157912e+01
1.328417266187050316e+01 8.437050359712230829e+01
7.597018970189701292e+01 1.077777777777777857e+01
4.528421052631578902e+01 3.631052631578947398e+01
5.290322580645161032e+00 5.143548387096774377e+01
8.365098039215686754e+01 3.133333333333333215e+01
2.206787330316742057e+01 4.657013574660633282e+01
6.466666666666667140e+01 8.952542372881356414e+01
9.148677248677248031e+01 8.262433862433861975e+01
4.310424710424710071e+01 7.241698841698841704e+01
