8.378888888888889142e+01 3.575000000000000000e+01
9.046202531645569422e+01 1.195569620253164622e+01
6.651982378854625289e+00 4.602643171806167288e+01
1.363636363636363669e+01 1.246590909090909172e+01
1.613043478260869534e+01 9.020496894409937738e+01
7.023050847457626844e+01 1.380000000000000071e+01
9.748299319727891543e+00 7.487074829931972886e+01
4.344129554655870606e+01 7.231578947368420529e+01
4.591954022988505812e+01 3.545977011494252906e+01
9.108808290155440091e+01 8.322279792746114424e+01
2.690659340659340515e+01 4.968131868131867890e+01
6.405232558139535115e+01 8.937209302325581461e+01
6.424861878453039310e+01 5.701104972375690494e+01
